--------------------------------------
AllTheNews:
accuracies:
	model_75_5_1:	48.753569499112444
	model_200_5_1:	60.56185845488925
	model_150_15_1:	53.65439530755576
	model_200_10_1:	58.89480589642664
	model_75_15_1:	43.227598981245656
	model_225_15_1:	56.80327236242958
	model_175_10_1:	57.69082349309254
	model_50_10_1:	37.47009338581462
	model_100_5_1:	53.87049471328239
	model_100_15_1:	48.42170255460369
	model_150_5_1:	58.53206760824264
	model_125_10_1:	53.97854441614571
	model_225_5_1:	61.17928532839392	<-----
	model_125_15_1:	51.80211468704176
	model_100_10_1:	51.36991587558849
	model_225_10_1:	59.41961873890561
	model_175_15_1:	55.097630624372925
	model_50_15_1:	35.20104962568496
	model_150_10_1:	56.509994597514854
	model_200_15_1:	55.97746391911708
	model_75_10_1:	46.33016902060662
	model_50_5_1:	39.13714594427722
	model_175_5_1:	59.47364359033727
	model_125_5_1:	56.633479972215795
######################################
model_225_5_1
######################################


