--------------------------------------
AllTheNews:
accuracies:
	model_75_15_0:	46.97074940186772
	model_200_10_0:	57.89148722698155
	model_150_15_0:	56.78011885467315
	model_50_10_0:	38.39623369607162
	model_100_5_0:	48.537470093385814
	model_175_10_0:	56.80327236242958
	model_225_15_0:	58.70957783437524
	model_100_15_0:	51.856139538473414
	model_25_15_0:	24.295747472408735
	model_125_10_0:	53.49232075326078
	model_150_5_0:	53.67754881531218
	model_75_5_0:	44.23091765069075
	model_25_5_0:	21.278073628154665
	model_200_5_0:	55.57613645133904
	model_175_5_0:	54.57281778189396
	model_125_5_0:	50.590414447788845
	model_125_15_0:	55.14393763988578
	model_100_10_0:	50.16593347225437
	model_25_10_0:	23.091765069074633
	model_225_5_0:	55.630161302770695
	model_50_15_0:	39.05996758508914
	model_175_15_0:	57.79115536003705
	model_225_10_0:	58.58609245967431
	model_75_10_0:	45.95971289650382
	model_50_5_0:	36.528517403719995
	model_200_15_0:	58.995137763371154	<-----
	model_150_10_0:	56.07779578606159
######################################
model_200_15_0
######################################


